41
0
16670
31430
46190
60950
75710
90470
105230
119990
134750
149510
164270
179030
193790
208550
223310
238070
252830
267590
282350
297110
311870
326630
341390
356150
370910
385670
400430
415190
429950
444710
459470
474230
488990
503750
518510
533270
548030
562790
577550
604420
42
0
14644
29288
43932
58576
73220
87864
102508
117152
131796
146440
161084
175728
190372
205016
219660
234380
249140
263900
278660
293420
308180
322940
337700
352460
367220
382000
396800
411600
426400
441200
456000
470800
485600
500400
515200
530000
544800
559600
574400
589200
604000
